1321.68
1711.29
2884.17
6658.71
1559.89
2995.57
5700.46
8042.46
3512.37
7572.04
9327.11
8799.76
718.63
6569.14
7304.93
5247.74
2271.46
1059.79
9788.22
2212.59
2201.94
8601.04
4171.77
1307.41
4860.51
1954.62
4107.65
6053.07
3536.46
2388.61
7736.10
1058.16
9424.98
2210.42
3906.02
765.89
1769.70
7067.13
6737.38
8067.53
7505.93
9173.01
5894.91
193.90
7751.76
5038.91
7159.72
1494.67
1472.91
1.57
6908.35
74.13
9394.31
3364.76
8106.38
1592.87
6586.88
1865.51
5402.59
764.90
2084.77
3129.75
9781.12
1263.00
9851.96
8496.72
4030.42
1277.97
3735.67
4577.33
6620.32
9292.69
1630.65
3082.13
6369.85
4076.77
2672.41
8352.70
1701.33
5206.85
4867.97
6206.65
7609.53
5561.96
2305.75
7597.98
5308.29
5119.15
8320.73
4530.51
3527.69
2826.36
2110.98
4094.90
7424.92
3462.30
7236.43
8449.69
1697.71
9567.83
2996.50
728.74
8518.90
4775.95
6292.09
3371.91
1550.35
4282.65
9153.73
486.12
1668.94
2372.86
9369.90
2514.58
2417.44
7451.79
7202.82
3309.60
5635.77
6521.93
4268.51
2671.62
9212.44
7216.09
7115.22
2458.06
8614.31
2560.13
8439.09
4137.79
696.77
3361.53
1026.36
8507.34
4969.86
6478.87
5767.55
413.17
2726.30
1929.55
7801.41
7622.88
2733.02
4036.94
243.27
1600.08
4048.02
753.65
3791.90
4999.77
7855.83
2297.02
1639.39
7074.85
5963.85
2695.49
5963.44
2307.06
9674.90
5997.47
4574.12
9509.19
1893.72
3171.80
6579.15
4575.71
266.07
5090.88
2783.82
5167.69
2587.80
9960.90
7890.53
6751.81
6008.38
1945.19
887.50
4379.36
2161.27
3105.69
2084.11
9159.39
3314.30
1412.08
3673.69
5537.02
2713.56
5571.53
9612.26
1260.66
5887.42
8199.68
5988.02
2943.84
9969.52
7904.15
7940.19
5957.55
4015.21
1200.01
8562.98
7471.44
3038.84
695.21
7321.33
1943.48
285.28
5943.63
5968.36
8269.52
4450.12
5011.83
4765.33
7086.26
8952.60
6292.07
2952.99
9275.81
5843.43
2019.83
3114.57
8160.59
8292.23
9155.08
876.25
296.84
5078.53
4039.52
5909.59
1671.98
2828.81
431.45
3705.56
458.57
8647.15
363.18
1888.33
1108.93
370.64
6422.21
1300.45
1360.15
9861.92
4632.01
1421.56
6783.87
8835.72
9933.39
3858.34
9035.21
5488.13
9968.33
2861.68
1514.43
2003.13
6012.24
4654.03
7571.80
4886.43
8016.41
4228.86
5300.22
2739.23
7345.19
1839.50
3612.48
6403.57
6313.57
5420.39
1161.48
4037.03
6757.84
5180.76
7007.01
5535.96
5770.04
6720.51
4189.38
4541.21
1845.51
6172.27
8655.49
6017.65
9520.88
9208.77
5360.94
3026.70
9439.47
6478.55
196.10
7800.21
1834.12
2543.02
9874.01
8001.59
4166.79
8668.22
8619.41
7243.71
8378.64
4536.64
7071.40
5227.08
4913.10
8773.13
280.68
3984.42
5465.54
7887.08
7884.44
7021.39
3189.56
7898.01
3869.86
1414.08
8531.95
4718.65
5408.73
5303.53
6355.91
9162.83
188.55
8944.34
2053.14
6319.78
2663.65
6171.56
3053.90
5917.26
4828.08
7385.85
8286.74
4131.65
4002.85
5368.27
4003.83
1736.98
2699.84
1723.12
8784.99
2640.99
4024.06
2305.27
8668.56
8369.36
8228.14
977.61
9511.15
3102.29
7550.28
7292.08
6592.94
8745.30
9430.30
4470.65
7397.00
9528.92
5753.95
2991.34
4580.81
6344.72
9419.76
3002.18
3824.40
8707.51
2930.11
5183.02
5144.75
1450.42
2618.09
6066.01
6754.19
8604.42
9409.21
407.23
3149.72
43.77
5943.13
9351.43
764.87
9635.79
4643.54
2915.20
4295.43
8646.56
1858.17
5840.48
9718.83
2622.35
4972.39
9823.90
6587.20
5083.89
4929.05
6609.07
2591.54
5858.97
5079.76
5790.83
4928.45
6513.86
6749.19
9434.37
9112.73
1131.54
2797.29
402.83
5640.23
8884.04
1942.18
3042.86
482.32
4876.43
7210.19
9614.25
3155.35
3794.63
8334.13
6977.42
9395.55
4301.41
9273.48
9232.56
5352.14
1993.62
9759.14
1606.24
4703.32
1338.01
8365.68
4811.90
5043.60
1804.54
1702.47
2942.60
9461.29
3638.96
9447.24
9540.54
7164.69
4625.06
2100.02
8413.04
9405.06
4440.45
938.57
1941.41
5025.30
7307.38
6820.53
8387.09
9941.66
8631.43
5720.50
9043.27
5093.16
6671.13
4219.95
7810.91
4941.41
2407.83
2167.79
2058.26
1247.36
9445.99
4593.18
5843.33
2548.23
2358.18
4423.93
1741.27
5953.87
9863.88
2427.66
3660.63
1115.36
1888.18
2807.26
8132.78
3830.96
9179.49
5034.81
3708.84
9369.91
2800.73
7264.61
1046.59
9177.74
6733.00
7218.01
4669.63
6259.08
7392.77
1052.84
5081.85
856.79
6742.31
1125.50
2089.18
500.35
7236.02
7933.32
7480.59
3954.09
9127.50
3338.77
7509.07
1517.41
9860.25
46.32
2251.50
2131.85
9076.57
8934.24
3377.23
9667.23
7874.86
8420.25
2660.86
8263.31
4474.18
1886.30
5215.65
7374.68
5133.27
3011.78
1414.97
5213.92
4995.69
3828.08
2453.04
2298.61
1479.89
7489.04
2768.93
1085.30
777.57
713.42
8314.90
8592.44
4143.06
8492.34
3464.57
8971.89
4365.34
4381.21
1780.91
4275.33
8120.51
5061.80
2457.20
4716.00
5230.06
9461.05
8931.41
6097.03
5507.03
1035.99
4395.65
9526.24
7969.09
5968.85
268.23
9622.48
4471.55
7117.44
3825.68
8001.52
4953.72
7393.92
533.82
4133.18
8498.11
6107.63
8918.36
8212.08
5799.33
7987.06
5299.87
6355.54
2138.37
170.50
1639.24
4280.87
8745.44
3543.97
6563.75
3733.17
7051.26
2259.23
6208.12
5270.31
630.28
5181.79
7696.02
9568.73
2047.62
6837.99
9674.11
6800.49
3136.93
9095.25
1569.76
7073.61
6094.41
5008.19
1858.87
498.88
9624.19
4040.85
5049.89
9947.55
532.73
538.06
99.05
5957.05
8708.42
9887.88
3555.61
4203.55
5636.31
9672.49
6116.91
6709.49
1450.05
1743.24
1736.55
7480.74
9977.57
1903.10
4189.56
2534.10
9639.73
5706.70
9525.29
4530.07
3867.84
4502.94
8654.53
8610.82
9955.86
4048.63
1592.76
4309.22
7477.24
2066.36
7694.14
4972.10
4308.49
5343.06
6077.12
7122.48
4992.59
1505.54
5748.02
9992.80
4246.33
8693.49
7974.86
1167.36
8846.37
5806.43
685.77
469.00
2535.68
2142.63
5215.14
3591.44
679.59
1093.92
5110.47
18.00
7452.12
9200.90
559.90
9266.00
4951.67
4680.67
2876.09
2177.89
327.99
5719.96
51.00
6544.36
8989.59
6986.45
1639.05
8598.19
1474.58
6390.68
7176.60
3371.89
988.00
5187.18
2697.41
7197.03
4255.92
9296.08
9699.22
7183.37
3908.68
628.31
7457.83
4722.68
8127.58
7535.82
9239.26
7032.73
2116.51
7152.83
9501.87
2693.42
4128.14
445.78
5369.92
9051.51
1604.85
5207.08
5535.35
1926.56
4103.92
9674.76
4886.38
3450.61
4632.30
9076.60
6219.62
9294.35
493.21
2441.17
3135.26
3877.86
3057.33
6315.51
6260.13
665.84
1653.32
495.76
6513.80
609.66
5521.43
2285.75
4454.66
5128.53
3254.87
3342.37
2357.80
2397.06
535.00
3166.52
8073.65
9627.34
7763.60
8258.59
2226.83
1784.84
6909.09
8973.32
2343.36
9450.40
9220.50
3890.58
7106.52
976.38
9019.16
8400.26
6532.41
2825.46
3873.35
5238.94
5699.83
1483.34
9687.14
9609.61
2217.48
8034.04
5352.34
6804.81
5200.43
2544.21
9167.71
9016.59
7528.55
339.38
9222.53
6608.33
3717.61
4685.92
7216.30
3204.19
7147.41
8979.78
4616.78
8216.26
3786.49
1331.73
9999.42
2599.43
9194.35
126.87
9878.35
875.38
7174.75
4721.78
4828.21
4204.62
2317.06
1452.64
3908.30
1086.64
7256.90
7022.86
6440.46
6582.79
6462.36
2085.59
1278.93
1960.41
8760.69
8355.64
6789.90
7579.40
9206.75
5905.51
3768.71
1446.02
1230.95
5771.71
2954.13
7532.30
284.79
623.54
8138.14
3664.62
868.59
3732.84
6478.68
2116.02
1591.79
4254.86
5606.85
1330.99
5536.24
5767.36
1548.83
5595.88
3533.39
4545.31
2503.22
6438.35
4617.43
929.18
7864.52
420.61
4907.46
1159.55
6034.92
4228.65
3477.54
5384.03
6568.59
6908.58
3030.81
9772.08
9597.43
8052.21
5900.75
4810.20
5428.31
3634.76
7534.42
3516.62
5544.53
5126.16
3609.36
2192.40
3591.82
3885.89
5544.72
6853.98
9648.77
7111.64
4501.61
6984.15
7595.99
5365.18
1442.61
6656.21
8175.09
3654.90
7053.10
5338.16
4450.34
2182.14
460.32
8302.67
1465.22
8069.49
6208.06
2085.26
5704.03
1054.36
4922.03
3994.99
4527.15
3354.66
4017.68
1691.58
5577.18
7652.38
4833.35
5862.76
5090.94
754.93
2027.64
1242.99
2254.13
5257.96
2443.75
5290.89
5080.86
2468.53
1906.33
8313.14
8209.10
2964.12
2730.79
5226.12
8830.69
2969.88
7936.94
6360.52
9611.94
9381.22
6002.40
1953.41
4270.42
986.14
8449.77
5039.52
9202.30
9128.36
613.33
4824.88
4739.79
5786.62
2887.41
7713.40
5794.50
1628.12
3938.41
5865.00
9732.81
5659.28
9412.40
999.11
3332.10
3376.51
8272.22
2768.55
4436.24
7422.72
7914.26
7041.31
4576.72
9994.30
6016.06
6844.67
559.71
285.36
206.77
2563.87
1140.15
4817.95
7092.19
9286.67
4945.14
7617.44
4283.91
18.83
280.84
5557.03
698.15
4207.45
6403.83
5876.91
6537.66
6351.25
2161.68
5233.08
2750.72
4672.88
9714.35
7230.69
2149.02
5198.10
5473.64
7231.52
1483.30
6988.52
