5602226089997953
3576590447507227
6304921325369228
4175000878157768
374288408101839
346003116191658
4740626069394
3538109953907072
50202984193859044
3577272374306126
201831685149358
3577419626502156
201693994976586
349079598836637
3557409391895376
4041596024729
5610230063394302
3541226857940051
4041370351058
3565431001168713
5580108540662226
5491304526794335
67624335202144353
3585710180187636
564182465417025673
3573832091143633
3583740310536370
3557958182733543
30599728224622
5602228535545246
67611988609753518
3572411992519596
5602230158794283
374288230366519
3556821340686303
3535506561774021
3535287630825413
3583951383603449
3539647742918016
3568722176140850
3552459703269773
3545941532136505
0604290390607460
6392494229552912
3537189858336560
3529728544992730
3528250686407360
30538046414630
6759184327699795589
3533287839626366
375069470939093
630422086405401319
3541988958390805
67613373615966883
6763500048736925844
3563152139928347
5602237132360388
5602220827197885
30075284330244
50201871992239018
5602251318680667
30488320035927
3536622004237721
3587888201989426
3534141884024507
348456600484120
5010128735566396
3584943089701394
3534978550302984
3550408155080800
3539414094851257
3557649836791272
3561667857578125
3537766813077882
4026270001822056
5893786285376631
4041596973941925
3589227715627982
3570388278734143
6767825465833531
676374540669353286
3550853293407441
3566985178999787
3580151665953371
5602243311694001
4844075202389502
5602210998486241
4913526490649490
30077974345185
201988765979367
201459936599096
4844941823082687
3528528400165814
6761399570744084445
3529409275083391
201969839933747
6767447167310567454
3582827235641384
30069538346866
3557010168265015
5602227084479187
3530489020732275
561071193490055157
3570408591826663
676143017770651999
6395202675004388
201643268015314
5325954342526436
3584566947142061
374622999112625
3539713851928590
3551787470604462
370825463506487
4508535122875564
67090629230547966
201622008676486
5602256076542600043
3569931881465556
5018572235660797538
3541486458331007
3585318946385922
3530265324746744
6767890525145225782
5602237256368730157
3574175590583936
3531524393408712
3566873164783201
3569315386497654
5100134260279737
3535692529569701
4913964590598194
5402022562338100
3558469767583823
6759885432655073161
5602229515636286965
3587072991336318
3576386922090833
3581843427684455
201913989481818
3555517206421816
561077237931433145
3571728097668098
3579883356586739
5467651687432430
4175006643618042
3540593836514153
5048377296173383
372387025122012
5162654586680271
5602257009498764
3565369242971703
4041595392473
5610237094423455
5007660666912004
493624769115133434
3556955952647722
6334383808745719
5610221878933462007
3589944293209989
374283723731097
3589451945649240
5507497016526175
6767960902370381
4026663596223401
3530890547716867
374622189213217
6763039811536880588
5610742138609662
4017952301497
3537427550846894
3577959295022960
5100138381692520
4649654322163
3535924194899778
493683516864325507
3536185357665716
3583429930546254
201523835047588
3589509815215861
3581363195582310
5100146720755189
372301391018829
3562998567161459
30481855990566
5007664157989851
633389845237727687
3545341712978703
6767041570762876
5610865467179983107
5500624873920269
5602213906703798
3528001925090305
6381717885154794
5002354516958566
493634070743193769
5550179216776547
3575145103965937
5602250946929181
374622320301897
5100133030120486
3569681625889054
5451461514612370
3587636469478933
30597433583928
30213779288540
6333223549717398
3563600171154388
5610655735840441
3531285505085224
4508390028416620
502072360944896345
30225361673996
201862898477187
30597271648122
4508339619339410
3544891212439102
340420004919212
3567389003897747
3586834594396077
493608307130560503
3585064520646764
5193470817810055
5100136313148264
3550841500694752
3585827177855205
3582213609675391
5010124641470245
30567322776446
5602235205720744
36778136578738
3537120337699807
374412223648713
561091236012149135
6759140768479192
50380891141272937
3574088882948388
5592668568049198
4508365367902679
3544296931475363
5108752391824428
5602248958252827653
589333386927865231
4508699360574600
67628088262451467
3548910663721341
30308807485157
6331108555117752904
3580922350344617
5610174593959195970
4508441526021857
4903413451409889844
3538589037908305
3555060527180738
5602226480285532461
30358454157559
5048372899668392
67596210448314090
491178179872476329
30326437170338
5048374811673674
5602257514515888
372481419946639
3536864457508709
50388422103178540
3541092929391891
5264482282303494
3577481421972968
3551963883303824
337941720791259
5100174670759563
6331100523485089
5610338582730794741
30335919385439
3585911469806413
4175006121402935
4026563360305352
3575551386905559
3583973795543674
3544153995321571
67713816899412254
3546289830535351
6390744611822048
3567298236151162
30239455404515
3549371208552551
3555723638254276
3536205536659107
4583188521943
67620200811227995
201644954511368
6759900619309645
201958463067351
67063864188346938
3565721389616477
5578365198233460
4041378881379
4844373642582772
5602211565009788
3564816337501135
3535360037514219
373734091629363
6706563328254785
374622565690517
5602228433910112
5602229781582347
3587707566826710
3572585899757381
5602214818941203
490356452519458125
201638912100207
4917507420082727
5602252263536300
3534174634505632
3574915386647407
676268517124502573
3584121431835794
5010127183746179
3568302379470238
4026977192868298
30207457978158
6767868657057444
3561879076792201
4017953594082
5048372065241081
4017956111785
5602220933592870
3534993906570614
3552406016530730
3538439742822930
4405731027148454
4280433239138007
6762087173281969782
374622726453862
3536742973326832
3561104215864294
3588093686376582
4936839484355041645
3556686759320664
30011140773731
4175009489207649
3583487801176999
3545192030430657
201722693494680
4844517326695678
5556705294998548
3561735141649521
3578357115128563
5526053546723431
5020817567091390843
5602233980937799
30582778735010
3532224142875183
06043700852134973
4844357131489854
3560685542471218
346956450213224
3553470379413826
201508559172324
6331101303632486
5433448335889454
5470425111693643
4175004223553705
5020265357020753
6771918149592443
3541784490366209
3572809716628900
374288434245592
0604447764124742
3544380114034559
4017952739134
3581589084120180
561056709984949214
67636152919269415
201632250538698
3574972401031489
3566530736792173
30028338810869
3587869267188293
376503378543358
3537585439723046
4356637220775
5610252793085281
3550452526749958
347152930045514
3582569082570239
337941739217809
5602254270352341
493605747633255403
3529731098254218
3530073126854819
564182009988769994
201540136177922
676725195494176810
5602241274135087
5602225450510932
3575929101076502
5589255988788228
3531511883316927
30258526656549
564182504592716373
5602215235138521
3529520711894496
3538978022400891
337941461459587
201539469193811
3556798747487917
3532583209166194
56022267343180742
4026555600864909
3587776044713352
5038300128336079
3576323966636114
5048371119086351
3574966854458272
3557310754758674
30397483283150
3555441491978887
3529738626093216
6334520195502703776
3538037504801876
5602212719847453
3541676365720520
341242021869694
3540182205387035
6709948351318690593
30263353846122
3528929297571132
201572684505170
490313100434853787
201993952442344
3529653812566216
4936644104991811
3534273302096583
5593304010923504
5100138780742215
6706371087608211
374283840129647
5602211507801052
3556243189417957
5202111847002151
3574228874315986
3563409987789704
5100171031682179
5368645334397830
3580774776861298
340687393441954
3574550658977479
3580303472947712
3560913849925029
30031130107831
3552762934276438
3571022267889282
56022213276464430
56022258940153893
4936622884467525693
30325514156491
5100176572721534
6767813574672636
5610999872580422
341020000861167
3568488649455362
6759175221354376
6762954641036614
3582648446696508
5259584400078440
670980259591635889
5048378998241239
3550239955782570
5544913568755173
4405040656603957
3544560704174648
3540803848326623
374283017065947
4017958264384894
4508486455407288
3579304969658377
5048375962176631
3584654554525974
3579919170843649
6331108452529208495
30048145319201
5395473889102746
3577078545222443
3548405996859256
5610290779771466
3587525049016364
3570455280731001
30433384111636
3584543035924650
6767235750070317362
3536183356989963
50387408211424018
3535298187936503
3589742550872501
3552285297371307
5893000633788327
5602222011737500
560225764770611914
3552531890031958
36424760927988
5440915463432845
3576226125352947
4917094103057193
6333825209856395461
3544667630366220
5048371174624286
5463703202187421
3541774502104409
5610112549009169
3575411433764204
3532255652401846
3588536808224247
4017958345978649
3552424127942314
3550426065012176
3552820534978223
5360656422357527
3539445698039741
06042021521942626
5602252550936486
0604857459921180551
5007666100033232
5100139959363247
5100178497771735
4405190046067783
3553167622191833
4026349101920836
6767552850833120
3580461415026158
589377057679714052
6334413691514623
3571499413845246
56022208442490418
3528882061017024
4017956853181168
372301229699576
5602214964262040
3563716905164749
3589139370606021
5567643280813115
5501497674975439
3558136990194286
5602237688878783
3572543338172654
4913053047883688
4017953187408
3556366510638163
3532861320076322
3531918946134934
6761741525244445228
490551691789871359
30230908360560
3530395204594177
3563547204002003
3568027086016772
3538685208794225
201568186474337
3534748390755752
3575494026822696
6759238801620614
50182159369642862
4911367525068646519
3584628582102923
3581191422329001
30384945530535
5108754188173001
3540181608079389
6375488551551840
6759777285050897
58937063593209491
4844223711330951
0604057714053550
3578552870512361
3547603141376009
6399061862204979
67635053217565572
5007664581163172
677143882536032489
4844935188922115
3537227398526967
5602247696631694
3546875328667019
372301884274855
3560191315516347
6767456375568485588
3565423584906551
58931339261025534
3577383182825825
3586071814670037
4017950203054738
3554164262927492
337941815439087
3529280998310563
3573415816583174
3535550123168850
5010122995929246
5002354073974550
5309601629676919
3557792465107087
3559429728616525
5482509717023739
6333467234624819538
5641829306493772
3573596130878232
3562479330279886
3529565390634259
6381859199687307
201583080234679
5602214934098011
50183032579773307
4175007776170322
5602248859978187
3557318887865308
5153137367866328
3567012402312486
5296454755601870
5602224229719074430
5038626214448181517
3588152863797968
56109104944379652
3579322484644219
30272993528495
3568007738960544
5114098768467512
3576015783662733
6304086608108782
560221435082092531
3577373494509076
4175001748369914
30534921215473
3537934177403355
5007661523736644
4508138803987723
3553351922963451
3533661482446720
6763530066464016192
5048376849144743
6331101110675492910
337941777839431
633110331654709769
3528298589341053
3532656463945543
3536468016919454
3572743132312825
3575486452401326
5416853539841535
3580661585177711
3586148868394118
3580954045994118
6333331584442945
6384160590940099
3586147376927583
374622829912954
3541601170215763
5100131817492482
6333015624791854
3585257982550538
374283673495941
5602258535224898
5108755806584040
5602240329940962
5496936280368734
5002355287304526
3574017144789967
3547187338272726
5602234512241544
4903047716013215
6388532552892029
3569276544040226
3540787800810049
4026028229943942
560222975922268311
5480275155607191
63041860532268394
5018897379499419
30374047545853
4905510733391607
4508266198163954
3533011099688712
337941979809661
3538495020730930
3588768748519036
3578041065892911
3573673012169897
6304277814590422
5100142173944438
3535214445336956
5602249750936787
3532675381335728
58934435364178100
5100133782917170
3544663048521589
3565390750177749
3583580434895314
5602227553794298
4917884619688667
30029524410688
4405068678368903
4913650526470497
3544841302768464
3588377974167690
3540577120230584
6771834140748811
3567393327723738
3574416718149311
4175006076460110
5602241632482262
5571910467619829
30144089269138
4936929184395357420
30185850845390
3530856746201365
3555954056959852
503876405270925246
3587963746811011
374283287651541
3537465219884872
5100174843912172
67610281276447759
30367020046659
3533394749329345
30106309067170
3542410083470534
3580987589655943
3560537353841825
3528009577344631
5641820384857616
3572669522717341
372301021248069
3589299754963958
5100148475993908
3572584205502052
3548901033340672
6706509483855874
5048377528400166
3537848434303994
4405660517358879
3568838167776336
3586468719806361
491150025181713385
5175572978883276
560225922298470094
3562171357494791
3551509402244716
491130441758760698
5100177489226302
3531430647087247
5010124163064657
490323727647520759
5010126831715784
372301515520387
3556746163202641
3528294268037989
347542089112570
3564343254271097
3556206710439733
201807242822232
3563683547881488
6378040853002795
5475448671984884
3565819900367016
3568197041361884
5265758983413115
201692550135694
6397697910718486
6767252259325226152
3539399680712023
6304456012219504606
3531335128007889
6333726351527389893
675906894872942206
3532217289667645
3580620237336786
6304852713445983
3547784505182264
589322421651284995
3587182125683947
4844793109225120
3565286401253584
201652254465557
3571611390582085
3541916025941474
3566026995431629
201970828358615
201867391521977
3531232337171038
370352519959867
4017956279483
3585007579882681
3562416778333494
3549291004917669
6333951729323575
5437025741386055
30090857030311
374288950217363
5007660595632178
3553379832258936
3563247265688739
3540352253500124
3535205686666242
5108756441235311
3583496790003635
67632812833521126
3581827304680892
374622319969233
3567378979254322
3561004132180552
372301255781496
5517267220311096
3551419169912895
4405134530110378
3578212429888842
3562092924007793
3557649579454807
201787518006472
5602226549233486
3583389481784508
5602230028516346
5602216702058655
201776214434823
4026471501264738
3571623835469067
4903565508096415567
6304117116991034871
3564303563668789
3585746590309105
06043577094857433
374288265410018
4917151198354644
3555662027380047
3561450425650100
3585753774327978
560223861276799037
4911756639665089
3576561324162766
564182019257342761
3569281317636275
6331100800149614
5010123151275226
4917670474653510
3581648424769625
4913869191170154
3549410971726016
5602237000967652
50200719479455923
3573046446488300
3572597082157535
670903448768467432
6380107037044823
30078809627680
3557378086425254
676785488762858756
4905667274022503305
3588079082705938
4092739242274524
3558692481516999
374834789548120
4026674020533240
3554243378266324
3588026602963190
3558914226640607
3578982002154222
5100132221975005
4405796123502862
337941965154437
5407969904402397
3542616756391944
3535585097765067
5010126532212750
5204409412845675
3529249636525957
0604748033020046279
56108434567235332
5893144021002907
3589641587102173
374288190453398
5893195648503030540
6389707622163432
4405352695615672
3530092410237374
5602250940574231
5485832772833959
3553157976546823
4917388613255283
5484126154197310
6334519020127673225
3582522977420051
3564261871241238
3573312791008923
67628909403292553
5602235563583173663
201574765068599
3576966382992857
30239361368440
3541786237109230
201957871757033
337941922864367
3575768367738821
3549987900044645
5236683863438113
3585771630310566
3581940105461170
6759292936442303
3562264550431007
3589515502220551
589305848469984344
3551908080733224
4041376354601
4017954705000
5160734187886303
3589652870560845
4175000211040952
5533430206402251
3540246553946161
3587175607629412
4844260376506277
3544303675962679
4917009327075318
3584367621440131
3577765309448285
3580419946290032
6334123048819407
36524712631024
6762131914329030
30258959945823
5376638678058639
3552050218063957
676186158608617618
3585904503495046
3563686127615168
6334969372442335
564182989202374855
6331109792391886
3563047420872800
201515640150326
56022549714424241
060428750881020596
3574381607449604
4041373039914860
3538644207120692
201482141349719
6304197572081887458
5602254649927868013
5100136506906189
3545447061402136
5602230779804040
5100171695070125
3553764858567387
30317737203176
3535205445159448
5502475033725371
6395816843720482
30071578839065
3530150507818744
30532394143677
630475137747276145
3556716549860131
3580110072057556
5495543584756001
5267373715551683
3551683083856021
3547502786904176
3576996486093971
6373407504261036
3532758763292194
372301488361017
3584802116622462
3530606432089768
5100173178421882
3535706332776608
3548894342448320
201560877452714
201845747120041
3566746746164571
379067882909635
3568490877221763
3575403619168896
6759570925275218
3582799955532269
3552267193702173
5100173764367473
501852901195835736
3562547420890083
3561808544572036
5641829872548314
3546292435807670
30034389621692
3535276564351769
5602238847086860935
201496260941106
3584914259614568
67716949139790325
3574827192436372
5602230405504576
4917147260450864
3537032075681840
337941354358417
5100140217756339
4026289467394905
5535345955891173
