178
831
880
968
825
152
165
483
819
864
452
792
408
816
953
520
773
899
582
118
267
233
888
333
627
486
494
033
107
988
292
505
880
277
617
971
043
440
418
389
932
312
791
515
369
792
211
871
458
449
335
956
250
780
442
638
355
124
469
839
347
880
211
327
292
073
064
880
913
877
564
553
695
167
845
678
117
317
518
529
636
016
732
286
448
215
188
554
876
557
598
580
207
074
933
217
529
399
007
266
577
441
062
188
102
965
047
347
370
330
850
739
832
761
874
573
926
735
010
639
074
244
919
451
101
192
508
866
519
976
361
078
242
532
828
046
140
273
454
422
939
054
242
475
467
007
269
373
847
823
051
287
040
805
269
411
435
939
660
863
319
058
602
931
340
069
288
488
518
512
974
764
807
655
877
247
033
334
286
833
973
281
427
984
469
558
635
628
837
339
677
008
351
019
473
904
226
789
571
891
509
838
054
098
289
496
004
281
849
002
406
892
176
834
567
402
833
726
300
160
271
166
600
442
472
191
992
118
190
036
941
207
631
395
112
866
923
246
192
702
381
284
814
988
433
259
859
209
683
428
377
976
097
015
590
568
068
286
453
075
158
676
648
258
413
879
296
562
580
182
972
802
960
707
614
905
178
823
777
524
405
283
401
182
860
871
775
274
877
627
935
233
597
389
941
699
115
205
574
011
745
230
239
083
148
393
081
256
427
150
007
609
133
827
595
164
076
867
609
540
760
613
075
175
652
354
283
038
548
071
708
946
967
172
554
628
942
330
634
984
589
106
899
808
866
012
842
665
032
064
781
601
362
178
566
150
472
774
346
786
030
732
855
353
836
566
072
320
066
165
600
520
377
720
787
708
862
940
374
804
639
628
424
922
884
825
251
980
592
760
099
490
409
940
050
479
346
517
329
631
847
511
816
925
103
605
591
931
764
846
238
435
291
419
764
123
209
671
826
186
147
023
756
494
528
367
398
821
090
639
895
748
344
253
973
750
595
415
404
696
841
360
852
825
160
370
653
938
924
856
083
226
681
249
776
832
130
774
953
913
209
169
034
830
885
893
291
301
663
904
677
414
133
009
871
571
096
998
857
613
255
436
204
243
206
178
681
947
137
923
900
196
670
689
621
696
085
227
382
003
337
709
298
612
889
384
539
993
115
706
507
139
294
758
827
653
638
624
821
858
767
856
783
069
478
232
968
145
787
697
935
214
516
682
521
999
077
790
811
916
669
873
254
421
131
990
162
420
628
482
134
413
901
698
082
722
751
010
056
344
775
929
773
641
223
605
122
590
111
265
068
728
762
095
854
035
072
233
957
220
870
294
975
766
800
082
373
131
864
809
600
194
794
721
716
962
348
493
076
687
202
686
436
030
692
991
126
544
496
273
815
016
738
588
836
826
902
027
486
622
690
720
335
912
209
945
837
603
714
376
841
463
549
115
171
851
316
316
497
720
895
211
038
642
562
999
397
288
702
723
609
573
730
973
535
956
380
696
555
869
906
243
268
330
135
730
594
941
027
696
354
733
016
050
101
978
776
642
198
631
982
797
485
821
560
330
303
624
403
027
587
536
132
108
845
002
868
919
443
395
240
583
890
459
608
089
283
901
649
782
169
243
659
986
652
580
127
158
910
369
998
706
600
119
780
961
624
156
651
642
148
014
078
554
581
277
427
150
223
432
114
665
320
434
476
538
237
809
751
940
785
389
134
226
933
791
678
883
299
650
797
009
661
799
850
955
192
462
281
690
133
337
813
375
032
091
725
905
929
593
931
137
509
925
050
951
042
616
686
943
347
183
024
808
001
165
689
765
488
027
945
716
580
288
490
840
669
014
657
741
883
900
482
138
274
399
838
658
464
930
248
110
568
884
606
379
214
190
607
598
963
881
353
894
913
723
438
971
379
130
898
167
060
125
787
073
083
186
122
528
135
482
716
149
968
858
596
446
044
063
595
505
032
798
765
070
330
852
132
644
111
626
350
832
032
795
120
167
963
127
845
147
368
925
087
006
182
638
456
541
082
847
840
066
847
269
000
886
965
684
775
766
497
891
852
411
760
623
466
734
309
004
348
638
672
428
549
237
954
998
588
793
774
519
213
979
158
504
922
943
399
182
314
482
892
125
917
404
017
687
543
722
341
403
470
291
948
061
112
760
678
789
079
483
305
102
998
775
157
938
462
964
850
996
220
885
364
947
751
297
427
154
266
136
165
955
737
561
104
902
611
639
954
404
180
084
425
171
717
414
151
548
108
001
024
414
447
937
450
004
