3998.07
3848.99
3542.93
5338.18
4947.76
5525.48
1247.88
8549.75
311.12
9310.36
8950.20
4112.18
7581.27
3479.41
3367.43
9828.22
3488.72
1558.19
2149.65
9725.39
7533.43
4080.77
5451.41
7485.69
1086.25
9472.00
1275.96
7901.76
5451.79
9200.52
4444.67
3186.16
2722.03
2815.30
4991.24
767.24
7421.86
7584.23
9323.86
2838.37
3055.32
8484.18
4244.44
4962.36
4522.26
7922.17
2403.72
3267.92
6821.37
2790.73
8763.82
7298.26
1153.51
7663.33
1363.00
9170.50
4624.12
7359.36
8477.94
7902.36
5825.37
2123.50
5972.83
7554.33
1759.56
7706.28
7851.96
2429.54
6391.42
7989.28
7326.08
5663.82
1887.98
366.95
5414.57
2262.19
438.22
9372.70
9843.06
1977.20
6305.39
3151.95
274.58
7467.10
9742.94
2381.12
6837.04
7381.68
8838.77
3697.84
941.61
3628.58
6080.56
6502.48
3037.15
49.12
6854.35
8561.90
7318.14
2493.85
6747.74
9322.89
9165.12
2466.48
8211.44
7314.42
572.74
6650.47
8962.83
9977.58
4894.79
7736.40
9298.67
1759.61
4153.78
7761.14
3245.48
3782.52
3149.91
3436.97
93.73
7794.13
8458.97
5348.61
4949.40
1373.00
8068.07
3991.55
5626.73
4764.22
7865.55
4984.33
8463.87
8055.46
1768.86
7229.79
9794.44
847.85
892.67
8105.91
1171.30
3803.83
6769.36
3555.42
398.87
9004.73
6032.35
7957.85
5682.44
5042.56
3545.84
5166.58
218.32
6399.25
7706.32
516.77
1990.83
4510.15
4858.52
5802.32
9113.44
6099.86
2511.44
188.86
8278.98
9731.73
2437.16
2881.05
5763.72
5147.61
6845.57
9597.29
2525.62
5853.19
8300.09
4963.62
4569.55
1715.53
1569.47
2630.36
5762.87
951.79
2710.29
8271.94
2288.41
7470.41
3282.32
8447.46
5818.66
7159.02
616.02
8862.15
8077.64
8483.13
295.12
7125.19
8056.58
535.18
5904.82
2179.97
235.43
8102.62
5324.97
8963.56
5563.08
4145.28
4416.83
2180.11
4022.12
5101.24
2748.38
2299.60
9543.77
6488.47
9864.07
8045.80
9964.25
1210.80
6912.04
7367.69
4632.18
1031.28
3781.76
5939.45
822.58
3231.49
7722.03
8749.15
3680.63
3121.26
2931.80
4335.07
8741.89
4851.31
844.20
9791.83
7639.38
3124.08
3527.93
1931.21
6116.49
3540.54
2509.27
441.03
8696.33
596.54
9620.47
8144.72
8338.42
832.12
8812.35
2561.32
9239.95
2633.78
6318.21
8475.23
6281.28
3946.94
3574.49
6391.81
552.75
6980.64
5728.59
2059.21
1262.65
4139.79
2798.95
8470.71
9834.52
3413.17
7859.32
6998.97
8998.47
8856.30
3247.91
5839.76
6597.43
3082.42
4495.11
6197.74
7372.07
2043.27
1065.49
1400.28
21.15
9524.11
7484.53
111.19
4893.14
5113.75
2899.55
9663.70
1809.40
531.17
4554.88
2384.53
6802.07
89.78
7613.61
449.82
9878.27
1700.00
4055.13
6601.42
317.84
7781.08
7881.67
824.22
1442.34
3167.01
641.05
88.90
5780.34
5294.06
1585.45
793.90
211.17
8020.93
2873.69
2537.91
9715.40
8519.73
7568.53
4717.66
9091.01
150.74
190.95
4393.01
362.11
4243.02
916.58
4513.53
667.00
4183.85
724.55
7851.07
6808.95
5936.83
5171.19
1566.18
9112.90
9298.96
2958.86
5009.30
2293.90
7055.40
595.49
1103.49
3980.94
6489.72
9545.88
2068.13
9112.85
7396.87
6375.62
2644.27
1923.03
4870.25
1911.10
4319.87
4234.59
311.35
9586.97
2201.27
3018.23
4825.22
9744.61
4366.64
4677.81
6885.88
8891.28
6366.60
1017.16
1957.92
9452.56
8580.87
6690.71
9185.46
202.00
8241.51
4225.08
6264.68
837.75
5532.67
7601.43
7637.03
2563.86
1088.95
6655.85
10.14
3884.85
5790.83
8254.36
5986.88
5781.45
5831.91
5571.83
6664.66
2772.22
6755.62
8516.82
1703.15
3652.39
1508.02
4793.40
3084.40
6521.53
9405.01
3346.46
7761.78
617.82
525.44
5040.21
5878.45
926.03
1933.46
66.97
4253.08
4382.48
4430.13
6502.04
5089.67
4925.77
4060.23
1277.40
7436.74
643.25
7412.84
8159.00
5261.00
177.42
581.71
3239.01
7816.73
8379.11
1425.00
4838.92
1634.25
3212.56
2848.55
6537.98
3599.00
6921.64
6493.29
6176.44
9059.11
2559.22
3067.53
2252.70
4742.58
2023.13
2216.48
2053.85
1327.79
2427.64
1996.24
4878.40
6293.95
1010.44
9175.98
4310.60
5756.90
6535.15
4103.20
4483.59
8584.45
2661.03
6597.70
1991.11
3819.78
500.89
1826.66
2043.08
8186.81
3231.56
5708.58
4883.11
4844.84
9908.09
7197.00
4572.60
2789.45
7759.58
3496.08
887.83
7251.91
8726.30
3336.60
7179.78
9855.91
4834.87
5322.29
2006.91
1864.90
9528.08
4808.03
9384.52
8265.14
4231.09
6505.75
4865.99
6418.43
6172.41
1269.49
4943.14
1218.09
3747.57
3330.03
7130.38
6369.43
9287.04
561.47
3130.57
2826.64
7942.05
7474.82
4984.88
5855.71
9081.45
640.81
9838.97
9536.58
8310.83
3695.47
4956.10
4984.51
6927.01
9160.80
6727.99
6104.85
7585.10
4125.90
8499.02
1282.52
4267.44
8903.86
9818.28
957.51
4643.87
8995.50
3839.76
8475.47
6781.41
1808.15
4421.62
25.13
5382.54
5061.76
842.94
8116.55
2605.91
2267.57
3687.17
6005.59
9532.62
1417.99
2053.15
4186.23
6227.40
306.10
525.11
432.61
2779.16
4910.42
6297.26
455.33
713.10
388.85
9816.83
8260.61
7090.60
7004.76
6981.52
9851.41
4551.97
6502.69
3843.62
2771.14
3376.92
2760.42
6717.71
6395.19
854.74
388.27
5554.49
3290.91
3963.20
4792.96
5481.57
9426.13
7772.05
7900.88
1273.00
6482.46
6966.23
5833.75
8036.92
2761.54
7423.79
7429.72
5502.52
607.69
2125.26
2546.38
3891.89
1091.59
1529.61
598.44
3126.26
6300.36
1761.64
2293.35
6095.12
5690.70
4702.13
2615.51
3867.12
4904.42
2004.69
7849.43
4875.08
1583.71
3027.43
6752.51
3667.70
8782.85
2155.87
3684.72
2640.55
1073.63
4204.72
689.78
7066.18
1925.42
9678.06
6843.47
2181.20
3698.72
2287.66
3575.56
4914.71
4787.01
9607.77
3630.65
6676.31
8045.97
6697.82
2576.02
1431.66
6342.01
7710.76
9412.89
5814.84
8231.97
3906.31
947.67
3217.21
746.01
8694.60
1114.06
7114.10
3842.00
9543.07
8018.08
9690.47
5256.70
8072.61
388.37
1985.32
3173.63
4348.14
3144.11
708.31
6098.90
5323.59
1762.23
288.23
2666.97
3416.50
2059.01
7030.75
9255.81
1931.85
6199.14
935.22
9064.76
1633.48
1188.10
615.76
2646.78
3461.22
9298.53
508.14
233.14
5878.67
4857.70
6920.45
8651.02
9587.98
4965.62
2092.96
3521.54
438.36
8036.98
9516.65
8334.32
561.39
9973.37
2807.55
764.82
1940.67
4926.55
1621.50
7355.60
7222.31
5074.72
1145.49
1478.91
9330.59
9872.13
9223.99
2394.46
2854.22
5870.63
5164.35
9046.02
6399.16
9621.34
5295.18
7254.46
5892.44
2010.31
2197.21
7574.74
4722.73
7284.26
7839.60
8193.24
9820.44
4886.37
9498.46
1370.47
1357.37
8981.49
186.38
8465.62
2243.73
9584.09
3666.02
3906.90
4013.52
4834.62
8470.00
5972.12
6118.98
6650.42
1149.00
7512.88
9060.05
8249.63
9213.75
4075.37
4621.52
7106.06
4644.81
4497.91
8512.89
3385.12
1170.28
9460.23
746.04
2224.98
2688.42
2080.31
4484.32
9926.04
6077.54
8065.45
7522.63
7565.99
1406.28
5124.52
2827.48
4211.98
1127.93
1687.77
5287.91
7606.72
4934.38
5206.99
6549.65
3715.79
3458.38
4099.55
5113.55
8543.14
6026.18
7528.80
7048.95
7114.23
7767.10
7877.70
292.75
161.16
1141.37
3698.85
3520.79
8395.83
3444.79
9767.73
260.29
6416.23
881.12
2330.98
3145.44
5408.34
858.94
9413.00
44.72
9078.70
9786.17
3321.06
6855.37
6876.93
1362.72
1784.24
1186.49
8573.62
7150.44
6856.92
8809.22
7589.61
3457.11
279.72
3780.37
6292.74
5632.54
9021.03
9990.54
812.70
2975.64
8360.42
242.67
7786.47
1775.49
1113.36
9109.88
8823.64
7699.91
6208.16
4114.14
9735.61
6158.90
5180.24
7708.50
8526.94
8073.75
6351.39
6263.73
3868.41
1964.63
3648.46
623.48
562.99
5081.51
7278.38
6395.65
6550.01
5025.13
6722.39
8858.75
6187.94
1520.37
9984.30
121.22
8982.18
8052.57
9546.87
508.75
2574.44
4715.09
1060.00
9684.55
4647.24
4022.85
2454.35
5985.94
7596.03
1250.41
7438.34
5917.12
6671.78
2276.42
351.93
480.19
7972.93
124.62
6734.30
8474.46
4034.22
5773.34
3982.22
4828.31
7706.38
6704.25
3454.58
6645.41
605.62
2055.76
1640.45
4357.34
1883.79
5470.12
8508.71
2122.03
3840.08
8624.75
9692.58
3178.41
2392.61
976.56
1140.32
7422.88
2781.77
1508.37
2379.18
5976.20
3651.57
6115.60
6084.19
7934.04
5384.42
622.96
4717.02
2436.24
8901.64
7638.25
2507.71
4053.44
5039.09
3597.18
5604.49
3721.22
4120.37
1664.22
7198.05
536.30
9824.58
8711.99
2578.69
3416.47
9886.81
3246.69
4961.05
3099.35
3113.38
7521.24
8899.40
5110.35
9068.18
5888.70
5134.93
4850.83
6023.78
7792.51
3469.41
7286.85
5114.85
244.82
5216.19
2957.76
1131.06
1560.66
12.16
8845.15
8639.05
6157.71
6887.31
4041.04
7376.20
2294.69
2961.29
3785.57
8079.90
4363.59
3666.33
5336.29
2497.48
1825.96
6204.55
1307.39
9642.03
3338.97
7845.55
3074.80
4532.38
7194.66
4414.86
5605.76
1677.26
