3547788367977422
4917833743987016
374092111936147
3550273386358874
6331102880356366
67062839930324871
3579855584631677
3530997883992604
3576349388939059
5100133901640828
5108759687244252
3586923780261599
589389192359933700
3563083288606048
676778471890753734
4175000014811161
4844495382306854
3581499766993542
5108757757811364
5048371326395660
5100142743542985
3584210414674302
3580886478230612
5188309985278678
633425505123544069
4913758045382232
5602245455124141
4041594266181
30482213388378
5007665793918469
4917177463365635
372301869085532
3567178857174026
3586398579928882
4471204191893
3554654114332321
5018671864904682
5451223216093790
5610196327196199
370447732820142
3549542799235745
3530104764145150
5100136354580979
30281208875476
589381997897510317
67593976953622217
5509068049041041
5602234785970522
3534054753419213
3536362392088754
3548413092907748
3550040384130500
201632141759297
374444625688427
5522573873459311
3540089153087014
30197155185273
6304810164172514
5602215276220097
6380558901635437
3550231357532554
5536391733244441
3541518853226786
30163448371872
4534065043020791
3586161702618725
3544046365165612
56022170198487651
4405721153840222
4844947128150046
342336373625222
3549303333178655
560221414655660412
5602210397586930
5446627230582778
30234056716755
4405926895301694
3534007713641011
3530919990739074
349237993156585
3528645575450910
3554238163375603
3547642819365167
30363228247066
3563275832864939
5602223827533679
3562139558000741
3573440981095457
30298266001431
3564143193929296
3544548798492182
4017951606797
3567039823972069
63040414347322441
374622152683529
3535327741380757
30266403905095
5100145152464088
3589170253974368
3537841089683562
6759268384329190169
4041377188670512
5602251176205391
5160896554207981
4917002261911242
3538614139847621
5602224535413626
3549027009397782
4175003946906760
30104896716663
3536396772500178
6333411833998628511
5342679109777893
560225357060814841
3538591405592018
5602212853106757
6372026608102184
3539335861830028
5602210859112136133
5602234270668797
3580979913946767
30085741539022
3528708625390393
5482145074404392
201995816743312
3530162078004877
3528947559847289
3530869506173559
5218429098227786
3589686743284258
675976918586131544
3551505447474201
3584111242057563
5002359950972684
3556908465839351
337941311471725
30131513862687
3561616664256672
3553418078511077
6759997723696858163
5641821526886422
6767995696483662649
3583305818989180
6333316830555475
30203699659144
5602212534777826744
3580358376038489
3555496031299988
3584781871408632
3547861391937132
5893812208274806389
4844670016844278
5602248112248378
3576691041630090
5191614407638580
677179477947129995
3560148184367822
50208321180058567
3573582874690488
3533232739771524
5610348259921116210
5002352361677083
3528045237580610
3584931904379660
3543946845804832
633386341964947477
5893276007527380
3536494645585318
5512126574844729
561075069265326138
502025423641417142
3587893153143170
30556023710192
3561699158351159
3559600003170541
3579369644240669
3572013689154024
6771982643889197645
3581944603916818
3583143946950612
3583725719318249
3554160689018014
5893816501760795
340188367276773
5610191627171562
30242278079761
3542468041995885
5163130169731475
5048374879810804
06046675592155909
5007666641122338
63040044003674916
374283378590830
4405281004139993
3577271090724760
3560765856948819
5536516717992009
374283783009160
4405374319959401
3536381078890648
3554869782129888
491124593433844038
201861084562737
342926494904363
3581766215016830
5460224641244858
5323463422849454
5010124294277160
3572440054295522
3552979322340366
50388859359510175
6759344123671157220
5602222307057332
3555925569200133
3546698898171984
3570047703321799
3544421380352901
3563355542629465
3540263202385287
3556980639969117
5100133910576864
3554787344779315
3529023573911888
374283914705397
67632152195432541
372301047687977
3563197197632869
3554716568190412
5010122265861202
3588927658189897
3574085075462524
4911124655414345609
6377164128717226
3588755862433086
6374658489591164
4041379675655
36971354304883
3573334595195680
3583017663889411
3574700117748918
3570837541386768
5100170248731530
3576250390514411
201635414541961
5610828740285122
5100178123068738
3577260731230691
3588832894323815
4041596343620076
503848311165111600
3530481476482984
5100176536912526
3586700998500236
3550402086750011
4026695215287938
5362627347473309
374288515285061
3562470776253220
3548314637303940
6767426221891788
6759755329227515
3589185834105530
5038402105532066
337941616447941
3584256222801603
6392046860659651
3563381277986524
5100170825665838
3570038674089606
201643827677885
201948654380507
4913932959853625
6395111771285470
201662959604673
060471161412387874
3574576739369188
3538551554832995
493658174104972232
3580421647720044
3571675999761564
3582098670153109
3538906528002267
30204689241323
3530115738444461
3546736477264570
4936315679485295
374288540215463
3558971737839458
4905786092896044
3586124852698913
5602245364970097
5108759778437864
376047255907880
675979564990193287
3543839619427171
5602227500223423165
56102437316990459
3538451652189267
370980275269186
3583926973351872
67610005262323876
201974654312274
6394999479838595
3579059647610501
56022374906462093
63042474408738875
5602221762407963020
3535663034206089
6762361434862919
3539253393064133
3550979335698851
3589645041060000
3537316479646420
5151847727648206
4017958197720347
30181288144647
30474455504051
3529471521427368
3573812422716901
3580610800546929
3530201185356059
3549324214966828
5100149242630344
3568883602398775
3564449602473184
3566814366842825
3535778845395309
201780251481143
3541376445417953
372301170120002
30259623646516
3572935166655018
5602243972964628
5641821472903082372
5020851083118531101
3562621212586280
3584317012806416
490538370725074851
3569230010129096
3545029996631268
5213294609789350
6771505600782249780
5602254374648814499
201834819652396
374288677904848
3530373068174659
3562773699205338
561045341777298163
4905361933177481
5443189277596610
3574553150794327
4026362899013243
3531519043917807
4844740394785615
3581991391482016
5020217994306806
30322736501026
6759768849078219
6759855825501437
4175006586207803
633379375403865790
5499219503001532
4917883950052749
201861294844578
337941590275532
3556917312003772
490535798453014231
5641826061170603
4844502433142434
3575677615469446
4508016096533745
5641827899546253149
374622405449207
3589516673725634
3562546951123732
30297701349173
3559216327478732
3563304428880305
5275115108893895
50388332638099550
3547076084020878
30166173742381
3585632419773418
3561055037773909
5007664025669446
3554966391457591
3529300792759987
3564614982218406
371099751348569
6395605340493820
4017951893957
3531543741830203
3582607260606233
4905467604947296720
3587497684466397
3541675130178931
56022212115819564
6706388159232051286
6709209538568534
3562857649873707
3557321283764265
3542887905517552
6333579914703587537
3587996018424139
5048377701265790
3555508761982706
3562659541740061
3564348622587819
3555434585564440
3588161790386001
3557063158989979
201713785030334
4017957880514959
4041592383525
3580709441120548
5602216436814696
3578860182089063
3579697428561367
201612996206560
3546163223836843
201960271559942
4017955566476
337941400494828
5100147184320833
3553739111032569
201801992921013
30174778700937
3532945383713622
5352860569868045
374622217497121
5544931382444691
347174968602750
0604134591996357089
5602249214366106843
3584303177489958
5641829239575349
560221108041161941
30470260612162
5602255226561703
3571067782710141
201718355162805
5293372472952975
3567551879168780
630468232966251967
5602223813833116952
30075156133023
3539293996053000
5602227861809283
30424328376922
50385648234273031
3570150949998584
5333995154714230
5002357144177343
58937257316972688
6373233732746113
5048374306443781
3531582121884711
5602258462421343
5602238653455944247
3578166964382647
3544498872691442
3559323825956977
3530334875709731
201561167207222
3561093578642761
372301693680011
3585308946718586
3581607193443358
3566734808708923
3578506922253275
5602241647134122
3534128775843624
3534628523245469
3585987941262532
3541185060571477
67623875968347386
3581268969514433
5602244100142887589
3572953352329694
4508917860159981
3540796417076423
3548496399106221
3581232019918325
3544115721662669
3540075401402675
3585706195684070
3585241101766373
6334512631556410
3565924948219821
5417885008672214
5007667425440201
3555123268404996
3531522866267821
3568949337752634
5414384810783123
5100176964111377
3543612496852849
5020955250691508
5472429179866537
633367805550570185
3582913021272020
633110559889942579
4175002179031502
5602244730043937
3531112843675286
3541545497841688
4405801104013838
3565514216402728
4175000551261853
3536041230637945
6761765493921146
4765964583201
3560236654342365
3543282797777788
5476869706496603
3540152319632105
3532399233477964
3569572229396564
3541349342783645
3546441720424085
3558208466530036
374288586745449
3554034033561880
3554582748777530
5602246970019287
3566517571127763
5007669863174920
5002355064019420
5100142863931703
3587479659946306
374622531242906
6394979799237512
5893068786205837
3563844887517989
5018065023108329
67710548210355192
490538340616128371
5002355419753467
3581196514960175
6334078874224792145
3559040044780349
201460363586812
5602222263647910
6771077305401491
4508273410442885
3565851405293496
30591142220013
5329229953531553
30565813015357
5513046715222396
201643314937065
6389447428525233
375096415797989
5313837530046875
3529929375438708
5103500168303679
491195624153331627
3541570021812674
349580827148595
3530667627189839
3540037704595712
630407285091671842
5641828140052273
3538774634996859
3585867522452209
3568894371608575
3534568591935064
3581894000654845
5602219764006057372
6391061146585027
4905591419743006
3579442483640206
3536782221674203
6761201271511511
5007665691974051
374288149800897
3555164815917841
3571452058655313
3528737229726785
3540004869453061
6304864843241109
30383726755436
379092676310691
3551298359550941
5602218085333812
3545696019383802
3560868495741445
3554935867488042
30227589033938
5602242488854117
3584394051098031
491170567718408431
348877410079760
5420220938120826
5641825838761811779
3528211540717147
5442725059027380
6374524307078901
5484264802058574
3543145453289606
3556669945188625
5602232439575536386
3585325847874722
3573761515095154
3583412965814466
3541081444459663
6767732980226797
5100177513653299
372301508465129
4651171131515937
3543224893645659
5610230255960787
3566610388006633
3545413695202565
4905281577199701635
5100143646778171
373410513646802
3553351892323652
560221870046180610
372301874390133
3553397995281313
3585159431333880
201511123255971
3566530193375371
4903274313098233510
3531579048745819
5249726232819524
3541262371714979
3576425296482661
5602248515519979
3553035091545039
5602225985324361
3547591411698808
30293488015335
3577507419216909
4175004111822238
3533262651390979
5602215049612358289
3534753674354173
5602234504825254
3572924586405808
3561104818857109
5602226290454505
3558691637792322
30522492403669
30111944623528
5602250824260428
6762421785477863
3580347415857397
67068667092455652
3578614021817022
3542135208796287
347540819865806
201944499557227
67090130146849604
3538671334934943
06043644050961029
3548940674625348
337941348472993
670644310445703791
3567434168173292
3586908657370037
675934176132928357
3555819215152899
3537342925664965
4844984500233595
6771026106795908
676799438726674082
3554592310766647
0604593101126338126
374283224365064
5610492686434663
6767650932171043032
3553943474398340
3562270642487592
5166149740643873
676213813423380530
5350329544598822
3543461040736003
3561498394796719
3533621342559831
30559616635131
6761797358635603962
201847899077193
6333802247124104
3571089434771933
30067368057298
3574836315368198
5602229915104331
5454477696810191
374283187436407
3585970933097074
3544353739343184
3582137291748358
3570907275196368
201967283810486
67625637568961570
30345110567396
36435751658564
337941566254297
3567867037123917
3577807833911576
3575280979622096
3556586977230119
63047623865330403
3581859790991780
3556132855415975
3528294407964333
201595971275736
3551093348541881
3538358630469283
3572896803673790
5610822385935018
3551309943011165
633316523757602519
5602240151006087083
3545406595945879
6331108328077124096
3541748240277701
633333973654592546
50189826012152712
561080806813956459
3563141741613462
3544510564983547
3532364857881651
3552896431528048
67594915960949618
5038097438778855
3536043812863683
3575722699456701
3586569816653000
3559544346065622
3535528343761712
3541634401446733
5142909193693967
3544221003143707
3576164643178611
3559630447009096
3575190518493406
3588916079809910
30413362171158
4017956557133994
5602253550559377
201873852968285
5602210152600793
5602215925644606
5100133739463583
374288219029997
6763559770040174427
564182365055898169
3532263303878743
5602220891334489
3530766192406063
5602248456483813
5602250397742950
372301117346785
677198247383912726
5641824383169320082
5100172426385378
3577422821414771
201784729902730
6759759450466384125
3576033175072510
3530595361928320
5602256737286533
3557787401699395
503819953582191759
3530959690489612
560222728083508334
4041378570865
3582476884909146
5602241101398803935
201703042802559
3582125423658892
58939578724955827
3537714478047873
201598737192955
3532024382248004
6304768611065386
201661649171424
3579898683723979
491144402813953748
3564218126311893
3539775380176520
5048371299213379
4175006816683526
633110202744729424
3549658952780317
5108755865518426
5602226840645669
3559248916610805
5100171094693782
3580203227735521
30189953001380
060409895413791819
3528114949442624
3542217319771548
3537480882267719
3546953529373735
6304370481715107
5602219643733212
6380198877586619
5108753912211087
5602241555043257
3580345494115018
3580484473677266
3565895793193941
3574405976268749
4903837669013649258
3570390845625754
3532820059213845
5253125557894688
4508080025653446
5538379361144965
3586351812387267
5602210776438729
3560966094734041
201903188248530
3560130632778586
3533105339814680
201861895207241
5602259294363893
3533191008690205
3576633827180098
3588623920687285
3544043479712397
06043441090383482
3573158459450505
3528919011821228
5160827812339480
3579554515888742
3541710492921634
3581524641179676
3540399105358029
5165899707234378
502042992402937513
633443553334416485
3576503481481001
5108759509964434
56022305410487143
5007666934569302
5231951598367815
201418493379797
3555399964387186
4911837641878950918
5602251467486270
201599553490895
3531496841912894
3558281024113116
3560382891790121
5010129276525569
6387140771390337
3550017815973211
3577798064360106
201472532112446
3533120657192171
6706245289111119
201730528099541
201602697232122
3568165454976423
676121406571999747
5602223001143097
060490532260463958
3566672444091462
374622201665220
3564555878192355
6761073199134704
3563674092444368
6759138368932131
5406019047130835
4917143911854075
3558889689229629
3534356518260729
5560048669975682
3556763686125886
675961228010300732
3588717445681334
5641825148743143
3569877711046423
3532923463332993
4175007817713130
3554371559486856
3584345921325194
3559548689440730
3553912603394033
560225799288616377
30304078490257
5513309514670425
5893435963673796881
3589662419897954
5363571221192784
3537008328363451
6762099002967619369
3556881388412137
5100145634670666
3548990422407200
3536414270282940
630459068999106591
3531509133949489
5020884970722718
3562264768741767
3567853190852385
3560438336133622
5602227238024512353
5010127769823038
6397962592977234
3548381238413071
633110129046112522
6706581594941509726
3557589199719488
36042749556437
5010124193155202
3536413869115818
4844533498274085
67619867584039048
6767910627126345
3583474112442708
3542442097933611
491144465508812636
3558022063397651
6391258481347589
3543591658794652
3533214824917196
3551148460114725
677189185485666538
4041371645368539
3552360032939682
3535647149865723
4905416839572983604
5371214658273195
56105840962815895
3548718236523866
3560197447225566
345487620173933
4844390511051762
5100171694079408
3557009151279967
67597829100633130
3563806846426883
3574564797113318
6382673030752561
5002350261308429
493600515403834227
30024649661885
3561182575263547
3548337067716075
56022550767521123
3557721778263436
5002358313237876
3567480095523737
3553306870838931
3569084356484692
30235991825973
3568922382015611
5602236610212467
5610746561556028174
30014721387657
56022299746495039
3557440836951292
3548802499057620
201591761011357
4026983498447530
3541241497372276
3545846955035870
3540444521391293
3529115599040625
5100175032893131
3553634700850697
3558557649922357
4903464124665207
4936795528858174
3551719408788034
30124620686958
5558205158044214
3575392545312902
5602238298745511
5561745465479731
3588413065422692
58932974728034148
5602233701127639
5602214052305437338
3537778911440086
6370669792541287
3573802224168757
3580652092430404
374622508260667
4917200447385436
493611737458306748
589304230461711291
4913079337991741
67611630514531940
6382048001088172
676300158595303678
201620016102685
3566307089531791
4905763342561090
560225016331540631
3567466127420414
3534470243884396
201854649499453
