8912.11
6681.17
2771.47
2096.97
3273.82
3768.96
839.08
2649.48
8266.56
3826.65
1189.20
9536.94
1460.14
5501.48
3974.90
4183.34
4339.62
2978.13
7986.91
1193.81
1383.60
3673.05
1063.68
8714.12
9546.59
748.96
9988.02
1178.62
2455.81
9812.17
3818.99
9426.70
1464.93
8708.07
5057.24
6652.62
3940.82
1548.47
2452.49
1084.50
5065.18
1223.77
2987.28
9081.71
2134.40
7746.37
9067.19
6190.86
7782.85
2783.77
1761.63
1477.95
3753.83
2814.45
6932.16
6396.32
7930.34
6764.56
218.64
3829.85
4118.92
8417.93
5170.09
3074.58
7749.15
8099.89
7633.68
9762.43
2530.78
5630.59
812.86
6373.63
8667.63
5490.71
3874.62
485.45
3915.71
7752.49
9608.12
7200.72
5937.12
2771.88
2525.64
7565.19
7497.34
8370.21
9286.77
7882.62
7890.11
2091.65
7726.34
5239.95
8642.77
879.97
4919.72
1723.50
4957.24
9740.48
5681.37
8802.93
3085.73
3370.61
8913.76
7902.26
7367.66
6726.22
4985.77
2824.88
5398.02
4663.10
330.37
1039.82
8908.26
5392.59
3732.26
1815.75
5491.25
6963.11
32.40
9796.39
9665.55
462.26
8439.95
9158.57
6415.01
212.37
7963.47
8945.72
9719.67
9628.41
9691.05
1142.79
2898.38
9866.81
4479.72
2715.24
4003.18
7404.80
189.27
8266.42
2189.00
3258.31
8914.46
3657.18
6589.67
1332.63
7065.03
6179.47
6108.10
8244.90
3028.76
4723.50
6985.53
5875.99
2216.34
8281.57
7930.11
2471.58
3424.40
7057.43
44.32
1430.36
6260.68
7613.67
1046.08
781.69
5407.27
5773.73
4232.21
5038.86
9364.43
8150.31
4069.88
3484.95
6410.55
5021.47
2383.48
3.93
4231.53
3896.12
1.29
6988.04
4193.60
9196.45
8019.09
9332.73
4768.81
5103.14
7307.97
5210.87
7717.34
455.43
8028.20
6267.33
5800.79
3341.59
9959.74
6759.13
6374.97
525.36
3793.93
1680.43
8264.67
309.54
7429.93
5315.40
2895.82
7654.18
9246.58
9788.62
980.55
3639.96
8817.59
7769.50
237.36
766.94
2659.05
3956.08
8814.97
9383.86
7646.07
6397.86
348.06
1513.70
3813.36
6933.35
8443.92
1059.34
581.96
8685.66
4701.23
6324.39
6202.74
565.51
925.32
797.22
1387.22
6776.18
694.74
8855.56
1994.03
9483.79
5462.61
5560.70
6814.27
2390.54
7217.42
9284.22
1909.88
6056.50
9588.01
1278.07
2241.31
4362.07
9278.96
3478.83
5285.48
9214.03
126.27
3419.73
7272.59
4173.89
9937.06
9241.31
7110.26
8150.72
2513.91
6663.94
2035.53
43.86
7036.94
4009.40
3914.74
5441.82
2254.77
9337.97
1328.19
4388.04
8110.23
7671.47
2175.65
7627.93
5077.57
9295.19
567.11
8703.45
6139.91
4903.19
619.74
2216.23
3151.95
3484.17
83.60
1661.56
4000.27
8593.21
8357.58
8965.18
7589.29
7259.42
7576.77
534.17
9491.94
3036.81
6633.55
7335.36
5885.73
1730.23
5042.56
5605.91
1039.37
4380.05
7880.85
3258.88
3275.13
4441.19
9249.02
4699.24
961.04
8312.87
2906.55
7520.50
8209.25
7841.47
6589.97
8727.06
6344.13
3732.87
6390.88
2583.44
2648.15
6184.89
9521.81
7518.81
1963.25
3230.56
7993.91
1596.22
6402.31
4386.52
79.51
7400.35
4300.31
9389.96
7204.23
1819.80
5451.96
8977.14
3530.00
2771.71
5246.22
3288.50
8252.08
2157.15
7347.35
7647.63
8420.34
6549.24
8829.04
2291.35
3381.80
1799.49
6745.84
4276.68
6310.66
265.85
2628.75
6941.66
6180.51
6213.36
7560.14
6652.75
4283.39
9351.46
236.70
8239.09
2378.13
6268.36
2188.17
3120.19
1808.08
7618.93
196.73
9393.97
2211.06
7117.50
6314.24
4003.89
2531.99
6207.19
9106.29
7127.15
5374.64
7297.02
5524.12
4639.21
7244.22
193.65
5774.06
7793.14
9511.51
8903.58
5910.91
7609.82
7726.90
2602.73
2815.54
7532.80
548.33
9637.03
7887.25
9202.06
38.31
984.52
2908.69
4802.65
3187.05
7157.16
6397.90
7934.51
8764.58
5890.67
2545.89
2800.50
8547.86
4246.85
2921.95
3015.60
1204.89
428.56
7796.08
6815.00
4511.18
80.01
2526.18
7218.82
2844.75
4.05
5097.39
8871.62
9111.27
5555.56
921.97
4532.80
5532.59
167.52
2706.51
2908.43
3905.42
9053.07
6596.89
5504.59
6838.72
118.29
8127.31
2234.20
4035.41
5566.24
9342.66
5398.85
6040.08
2743.96
2284.95
4131.42
9855.18
3992.75
3320.82
3783.00
7413.94
3132.57
9834.79
152.96
2096.37
869.33
9292.14
9912.90
7143.19
9099.01
6748.02
266.09
8722.64
4349.61
8747.53
7483.60
2743.47
2050.58
7511.49
541.81
2347.04
1099.01
6538.63
7746.28
9722.14
5016.96
3774.63
3399.49
425.63
4733.62
2280.39
5322.17
7220.51
3847.87
3956.02
8002.25
3600.64
8105.59
785.07
732.88
7588.06
8410.34
9570.65
5760.97
7290.66
8669.60
3423.77
7041.34
9905.93
6788.34
5728.95
16.89
5469.38
6898.82
9010.15
8765.19
8584.83
6462.31
3609.69
337.09
8783.49
7058.53
5354.59
5517.83
3415.54
8906.15
3396.92
9462.83
8989.42
5006.34
7863.26
6613.08
5139.45
8254.19
3981.68
524.01
5366.50
5523.43
7042.23
1237.92
7075.14
2580.73
7917.17
3626.24
5273.55
597.03
5607.41
9233.27
6541.33
25.61
4595.48
7887.79
4437.69
4932.75
6464.49
6297.68
6014.37
9178.71
3518.16
7163.63
6477.37
9482.32
3866.33
7544.37
2866.14
5731.91
2178.04
7642.79
7614.57
5419.62
1016.89
4369.87
7691.57
1772.45
7224.78
5222.30
7450.16
2252.88
7146.99
221.81
5711.25
6365.14
2217.00
2742.49
8782.88
5823.16
8732.25
3763.32
881.27
1998.78
3475.89
7596.00
9878.70
1999.09
2082.06
1196.50
340.71
6929.40
1752.50
3814.76
5664.44
4227.69
6075.68
8470.16
5058.88
1706.87
8932.85
8310.17
6974.87
3603.51
3102.50
9454.76
9406.32
9221.15
2498.24
2329.81
5155.67
1396.69
4194.44
1532.96
2728.61
7343.20
2847.15
1697.27
1400.10
7913.10
9437.11
2629.85
5813.92
553.93
9612.26
8361.23
9394.96
4868.75
9739.14
9822.47
3803.75
8391.64
886.46
4009.44
5057.64
2181.64
3747.99
3174.67
4966.25
3930.56
6918.59
2367.10
1914.74
8557.25
8577.10
2453.44
5506.64
715.88
6678.86
2172.32
5488.80
6277.31
3217.89
7857.01
6263.99
1262.16
807.45
5463.15
5474.43
9689.61
7432.07
4452.55
2246.70
5173.93
8678.20
7275.80
4594.60
2596.43
6714.63
3933.68
3960.31
116.64
8313.68
7631.31
7064.28
5255.87
4914.61
7204.65
114.26
7840.35
2205.35
8161.98
4652.58
3095.29
7071.51
6701.57
3543.97
6283.48
5776.58
8558.79
2961.43
9014.97
4522.29
3254.62
8839.55
2152.15
2586.91
8001.14
1694.32
2472.21
853.68
7349.49
1678.62
6055.01
4268.99
9813.48
9032.38
3988.29
7369.66
8090.03
8455.42
9344.96
9329.13
5565.76
7027.55
6258.66
1827.97
9349.43
2546.41
1118.35
143.66
3291.66
8579.50
5655.30
3289.31
5802.08
2935.55
4481.44
6660.94
4863.05
1104.85
2537.80
7780.74
9523.01
3555.85
3871.95
3083.65
6968.74
434.49
2287.16
9274.72
2136.44
2722.44
9791.49
5351.49
1205.04
4917.13
48.96
8603.60
5404.66
7709.44
533.43
7889.11
4827.88
5018.24
5076.50
2127.13
6459.28
8409.28
4958.07
5349.50
7292.46
978.48
1530.51
3487.93
7020.94
348.45
4764.56
4693.50
813.58
4638.73
1910.80
3762.99
8587.96
6123.13
3642.52
3059.16
2855.64
2371.85
2324.25
7770.56
9456.99
2851.73
2199.84
2138.29
9621.19
9045.85
6341.85
1446.32
8904.86
1147.63
9179.68
2400.89
8388.34
6796.12
1240.68
2249.65
3342.37
7252.54
167.36
6396.44
3477.52
9818.68
9640.52
2398.84
9679.37
3745.77
9050.74
8859.56
8890.19
4914.08
7970.85
5397.35
781.45
9771.53
4404.11
345.32
7078.91
4800.81
8992.67
6466.02
5785.33
133.49
2408.81
3294.22
9969.66
6340.58
1483.47
2615.67
9593.96
4514.28
5536.66
2140.45
8509.23
9568.72
1949.94
6189.00
8994.74
9454.28
9051.03
3511.36
9616.63
7899.43
6154.57
5283.88
4078.05
6984.89
7556.33
3929.18
6287.85
4263.24
5235.83
2765.01
2048.25
2949.30
8886.58
7489.47
6731.19
2843.76
7808.60
2248.45
5063.16
4944.22
6828.72
8945.13
3243.43
521.53
7830.62
7306.50
4785.44
7992.52
1724.56
585.03
8007.16
2907.58
1725.00
1929.01
4306.67
7949.99
7604.76
9627.65
2382.53
9358.64
1693.22
2586.99
5031.79
5862.86
1773.65
3718.00
8566.03
8293.43
13.34
5324.67
7839.26
7958.38
7855.98
2068.88
3340.08
3567.52
6316.86
4132.33
5511.18
1685.17
4020.90
8306.90
5712.16
8393.88
2009.59
189.83
7384.98
1124.31
9082.44
2360.60
47.69
2595.43
3664.71
2180.53
3574.70
2572.39
4582.36
8353.74
7378.39
672.46
6150.13
9719.31
6072.71
2865.89
6224.61
8460.40
1751.24
8297.34
2933.61
1547.53
4187.24
2747.98
6683.51
2966.17
7262.14
3177.70
4776.37
4651.25
2675.92
1058.25
5429.16
1877.37
9177.12
3626.74
5304.63
6030.48
3366.86
207.50
1099.61
9398.40
2460.83
211.40
3791.62
4938.66
308.98
7612.23
6033.43
822.57
7570.16
7279.04
8076.12
2701.13
5816.34
3488.58
8485.70
9475.27
7229.69
488.68
4238.79
7762.38
1855.39
2640.26
4843.62
1631.38
641.72
5032.90
1534.70
6533.66
4876.65
3022.94
6212.82
3747.87
41.69
