35247777
52782331
95448177
92946220
36853424
04263916
04197759
05413828
91381993
31917046
31144400
88727449
67082642
79192570
65666280
13201004
22784953
46370373
39648201
87793206
49718029
26074341
51023528
74089472
24713904
12469982
27366675
84513581
98906987
13341980
60792221
81644271
58811395
12255549
49280681
52787298
50231390
27290559
96991470
98134508
39908470
95257529
74728769
64073905
07892042
00122208
77511447
65930956
23427157
88205635
58063837
62392245
09034812
24857536
36358659
92480943
98696645
63825143
12318644
62859347
90139382
66115970
78880757
33857454
09707468
11746067
03435263
44301163
51381502
84678617
96036156
58955631
25371573
20949527
71693609
12592931
97426419
71446299
87581697
97027744
36557487
07486841
67744443
70746180
81702653
20412671
38987318
89282313
39952991
05052023
74500521
83857555
91744577
16821311
99714234
75958978
23189392
06457542
52134026
63443177
29261111
82294362
21109811
72598857
54831133
38172833
52138499
83617760
58668386
65490910
58064051
48016071
02671309
99888576
84698153
36496344
65245454
74424986
26024707
92595196
88898575
04573490
52526099
55420052
94521891
41798791
58967181
19721368
70545228
24558551
26057306
57009835
80666403
04511094
18802889
14833844
97156127
61381208
60700253
93301097
05003641
60962021
81616011
13101463
55486741
02849245
99822932
30592540
05246448
05971907
99984190
94567857
31873985
13134952
69919005
46006052
28161218
67764020
53213531
33638943
79547177
44906407
84577688
50406898
01624115
34912762
25220190
51552809
07867924
03152889
80168411
48530525
14227103
26818581
10574907
55669055
46766103
31721630
47430591
58466893
06189912
08232950
77415926
69975567
12927025
04383733
06940944
56010397
49249769
76258359
27093768
34105998
53841577
99445935
96763392
19514155
40613452
62816257
37546889
78714206
70417572
73175859
40659284
36529980
17604300
91756077
69648933
43853114
09558878
76975848
95487484
66410336
62683392
95982543
62637749
69960019
05659452
79132389
15963853
77568039
01581936
35574422
15577266
94114309
86329177
52423632
84778148
53054616
26404835
99108224
35371043
59986609
02757169
49500487
47871013
75108481
80179296
63156856
67998580
33924469
66846704
31095252
24330756
04166834
16772843
18285661
94015976
03549155
57031363
10462111
75456664
48877920
79292077
27006790
39910522
81731536
35207659
17828772
94900234
99919742
31754309
29694919
40431018
93869122
44900774
22534423
90427765
12098619
66688542
71278083
17174574
29219270
55164736
50950205
40414065
73568149
61622150
28657451
36743408
57470467
40006262
30841214
75072802
82177910
87299584
30332442
99191622
51274296
43008725
34151916
31767877
05350015
63136118
82367975
08956876
61741215
12520647
23555492
91346425
91065092
03645285
07259578
79884283
61299481
74353053
88786378
32686921
35545980
95067704
22782094
77360706
95874174
43952008
26004455
74193319
61200062
20423388
77824686
84190034
33781068
84938483
70587849
12345748
41268676
85149957
34714474
21609956
64782167
93960083
17356128
25544218
50373708
63159931
84176148
85348577
12301833
82416567
26196622
95154366
08426914
82068762
08407405
39148656
98587832
10965297
71791425
33523744
49312791
90947713
24784999
79051483
75289673
37553070
49254695
63817641
27770181
32135869
56165528
51419782
68421978
04206478
79205441
40912169
46366704
53487673
80304766
42806121
00979977
41469140
22561804
55153146
45753188
12040564
70727128
29369809
46823637
47488778
66030729
88889541
83351723
82995079
00525690
82093660
52127581
62004954
33171510
54297473
95222161
86650115
32649325
43967694
93855778
66089895
55106926
28420822
26664697
12716125
83424706
19747772
90425412
95813873
03726794
59326126
78209121
86479979
57198221
78597077
02393017
48173430
86405697
02484084
97433797
17860889
08445959
75384730
82368022
24601270
72818131
81313614
12659388
39790802
20414540
66248618
15095008
66649810
58568370
83877360
80951719
41832576
88801605
35205406
42985848
94068438
47360282
44629819
25513772
99630639
59688636
78565192
46663932
77402119
27187549
33126180
41575216
54465863
21769518
41776461
91865473
15539302
36223232
43726477
88628813
05147458
53996758
64984102
49026819
78668777
15274355
37469099
44964275
75141251
79869706
42733535
94030724
12310500
55208538
14894461
32568198
91061883
98863903
45934181
41209425
91081603
10506334
60880048
78428270
48679427
76860484
16187781
31314479
89707875
61243649
38088504
97009727
67250059
83776553
30092337
62980113
62051392
88578630
82340395
67482419
66325388
76573769
36824940
47592684
71683738
66536665
79810163
95693185
62125602
86389903
81180248
88230606
74574490
23567619
51654537
18390519
10657711
89838891
45305109
81741505
20689320
67132193
94380242
46004988
67201315
17181411
37702685
14593201
70200258
72473817
97198478
96423502
28965784
80767387
88487857
99058853
52037618
79825586
02632325
13940828
93921170
93229041
54729269
64472742
24794530
48703749
84183034
69683952
28687296
03378250
47340740
83844416
85413450
21559782
63013745
43862306
06020658
97605738
61001964
53919730
94019346
76665752
32883668
20578514
35853529
35574390
94149426
07069613
69574270
94833859
22373238
35341453
87455793
45267143
86408316
02639430
86788464
47610531
42459993
95973018
98011233
94165830
69312701
32614055
08209759
65362179
69292030
12950490
88730376
37642723
62652526
06983351
76922391
24510074
19201227
27766557
26152359
53351821
15473460
15949093
58375962
97320517
49572697
07834343
65649029
22490936
92552407
19030364
89354201
59833073
02824438
61914346
11449514
08424771
59435533
51479491
27249494
10920428
97841775
58599879
70103348
63460294
41238243
12905597
27315574
12746506
38330791
66820324
38742757
83263059
05898667
61557847
51586105
24210575
32520635
70698494
19015352
36057982
90094079
43407116
65684031
38907588
78021307
28089855
57604964
94018265
40936160
88061645
95643399
44912806
37060007
97811340
04028059
95776253
48093830
21321217
14601899
53633653
72642993
91867871
13710074
18815996
00205176
02333104
38071175
53815065
83351844
30397963
29940271
11170648
10178815
57583720
22563216
11932573
81245993
81372198
17294086
87871478
23953135
19892336
53190596
03027072
31755887
03235250
10329632
23254011
54883529
30973525
45366030
05003143
88874539
55900213
16085761
83658182
95957328
59733018
72520275
64255484
97154919
32547138
11770133
31513046
34122726
81188648
83309922
82359698
56010989
69073200
51932102
02756268
97905594
00716556
18771665
56548612
88800156
07718042
26035233
77053475
45861494
59152523
03970582
47836341
58540103
39796806
04703596
81103960
54104713
86601237
03707457
61125452
23383168
24719473
05331253
05340755
58428615
02271348
01011155
66247714
92794346
50586125
42480442
56243431
74611911
70155793
41052115
81020218
38158781
43647339
28760763
74433090
93228086
75622783
00845141
09542933
42374956
70070096
31683721
09451478
97876984
89360705
67047594
76064185
96151852
83352081
76001505
69723214
84154268
25092718
12706859
00436869
53506336
37810041
94103883
22985884
26384905
15296187
95981384
50454571
22256233
33081773
79418213
01259025
97820528
54438316
10507451
37383565
55550428
05630737
12330804
71562859
66563016
75272531
39617776
63458639
03204512
54346253
83980172
65758817
79522635
31322749
65453691
48889457
29892606
37536233
73604771
26772146
57975276
36788135
17576776
12472910
49497060
43850785
74086749
49699324
69877141
98393548
48154188
98192814
30278522
66240064
09212042
45970733
01614065
57498841
45229391
17038101
49386320
65531744
36225138
13871077
77970839
88890478
88702881
61220134
10824897
44189000
87684622
18575918
60154532
29139784
67251240
08316709
53037792
32174423
55958815
36635120
47728591
59314344
11373572
11274240
11129018
47291062
25956585
06545898
06193286
29893060
55783804
02352167
04204867
81373653
73772150
09265610
51528654
22969500
43572583
82775787
55004026
32968949
93927932
87526271
96802067
79997899
47929451
56470050
86898037
38978862
16859198
73973622
41731797
32496652
79832058
40511400
64402290
03759128
90944524
95727032
40716484
82337234
66622059
19537738
58956182
55714389
41753512
23934068
91330110
68264202
85588154
38141835
79311349
37324925
81360138
42860443
92832939
09647032
03308115
99172904
51515187
42483007
31276983
18036585
78422326
46076318
93252611
38402912
08868860
03836123
04345931
24973337
27997301
44257455
12985335
95252555
33201846
27047322
24172054
47912832
59949194
10566022
09186814
99861080
96986699
05603752
38410535
84056663
41596449
55139990
41976958
90083826
73794348
70064693
28856187
27297612
70693590
00405851
08870810
62641403
96642009
91993063
92082523
74680708
56808280
99798882
57544472
20210225
10718662
32365159
81183044
44032584
26359261
34100608
78734272
53507853
42817895
35981703
22563561
52752300
04008288
93447101
42178163
63496173
65436692
76148280
04367046
52821173
09398136
93468472
80476851
30434876
03056364
75055358
47309339
65943475
63591176
43003952
97769962
63657134
86028375
86490611
48912978
30637082
00773585
64015110
93572783
87564584
73041438
09863218
23762912
28304045
98308048
89170801
16657248
89688635
52462939
25021040
10954066
68744398
63584311
36400847
