1083.39
5.45
3975.01
4946.91
4639.48
8273.30
4603.42
4581.06
824.30
4975.94
6585.54
2604.19
9612.15
3742.79
3479.01
6108.86
2324.02
4536.07
6960.62
3252.49
7085.14
5302.72
9747.09
436.78
7609.40
3484.04
8103.57
6707.26
2717.57
1915.18
7319.34
7136.91
9453.70
9270.92
3095.41
6854.58
5819.64
9554.77
3700.88
4355.83
40.30
5598.02
5898.53
3426.81
6938.94
5305.32
463.50
7627.88
9195.50
2351.60
9449.22
1647.98
1702.83
54.71
1262.24
5603.89
3022.85
5134.97
9767.22
3744.64
3300.68
1201.45
2162.49
8519.00
4709.02
1531.77
3307.13
5958.94
3709.10
5505.22
9787.71
7133.86
9257.85
3057.16
7271.45
4626.41
576.81
9449.51
2542.61
6548.75
7665.04
5409.21
5317.81
3070.91
1510.33
6886.79
2759.20
6106.31
4533.35
9148.95
4929.93
5350.00
6706.06
893.35
7175.32
5879.96
6836.51
5865.86
1754.44
2336.84
2876.09
4485.16
4144.93
3467.44
3800.57
7704.77
6820.41
4751.79
6268.94
4572.28
4768.87
8352.95
2682.67
3779.98
1693.38
1348.31
2750.51
9115.54
2489.55
66.83
255.09
1987.71
9350.08
3615.72
7212.70
2213.48
1752.33
8760.42
9679.86
8086.20
9225.77
5465.55
6415.74
4066.40
12.01
5126.48
6111.53
7373.12
933.73
8253.22
8683.40
3712.41
5628.41
7566.28
3554.85
9794.28
7706.88
8297.41
9089.52
3660.75
7775.86
509.07
1266.97
2826.63
1941.34
3520.68
8146.14
7679.24
4046.76
356.13
922.74
607.33
4846.57
9443.78
20.79
2899.06
2945.08
514.40
9439.09
4479.63
9569.61
3244.75
9004.19
4973.45
4506.59
9555.17
7574.71
1377.47
2182.02
7092.95
3189.53
1750.37
4247.20
7658.28
7873.28
5716.55
5122.22
4383.95
5115.78
4435.78
241.30
6476.81
2640.04
2557.97
2995.59
3906.42
5496.17
3571.20
3337.88
1064.26
2681.56
8687.22
6859.84
1833.70
3096.57
4045.71
5957.56
6739.05
4927.52
6441.13
5299.83
6289.94
4967.63
2217.37
1545.12
3345.71
3061.05
862.84
187.73
562.42
734.92
8791.55
7923.74
9556.63
4256.27
9495.62
1418.01
137.47
1513.60
1948.21
5240.07
5618.27
6077.27
7634.99
5777.30
4374.67
6501.50
319.01
9450.81
9140.44
1147.93
4610.79
7166.90
7192.68
8147.69
9316.67
8517.74
9909.43
3148.82
2159.98
1316.02
938.55
87.83
8024.62
5047.03
4068.68
4921.19
139.32
5273.53
8260.95
5107.17
9027.20
2443.32
5088.95
6568.92
3074.26
7954.07
6174.33
3015.19
4347.71
9623.39
9033.81
46.35
7013.39
860.05
3934.39
7151.13
3128.65
2629.88
8551.77
6654.85
5454.34
9834.83
9569.54
4581.74
1368.75
6937.49
2812.43
5183.83
6529.28
7572.42
8730.24
7754.05
6098.82
5998.30
8807.05
2127.76
2018.94
5908.18
3018.74
4348.58
2078.74
2939.27
4017.01
7931.34
393.49
9400.63
9745.04
5583.61
622.76
5941.98
4680.08
8213.23
7273.12
9611.31
5283.47
4108.45
8163.49
3757.97
2347.46
1220.03
2573.39
4394.03
6660.37
1372.20
6528.52
299.59
9317.94
700.25
1101.95
9899.92
332.87
9264.11
6616.80
7448.02
5849.09
2281.45
5778.56
2935.61
1696.00
4165.63
5811.65
6702.58
7200.18
870.99
1477.97
2627.99
9193.52
2240.20
2466.51
8281.06
6842.67
8646.20
3577.58
6104.31
2716.02
8313.31
2955.47
1716.11
9791.54
819.36
6956.99
6786.29
533.00
3407.31
6251.05
9503.76
327.56
5362.90
2013.08
4436.24
1641.15
5179.01
8398.34
8026.36
770.73
6038.54
1879.39
6436.60
3938.32
5245.68
8857.61
1720.60
6334.54
9632.46
106.25
7156.03
9138.17
4792.58
3314.03
8441.55
1613.41
9167.00
4735.98
821.33
3565.20
6967.61
6771.36
7923.81
5683.78
7462.97
3864.60
5293.46
156.65
4886.08
4314.30
3748.70
2613.69
8731.69
1666.41
4800.16
5631.32
4681.38
2159.50
9046.80
6712.04
4809.31
3074.95
3233.05
1242.14
7224.23
8618.77
5307.71
5071.22
7658.27
6466.06
1957.72
230.32
1314.60
9727.23
6694.81
5257.24
7422.72
6193.25
3380.69
5465.72
1476.94
8894.02
4839.83
3921.62
1787.28
7087.51
3697.28
862.85
7380.05
5633.41
3842.27
3995.78
4344.79
8752.21
5074.79
7958.15
1673.04
4621.25
113.06
6122.50
8863.17
6172.17
8591.37
5812.70
7275.21
7667.06
2212.41
6561.55
8546.22
9313.74
8154.67
1028.28
9184.91
4229.71
9574.42
8920.23
8569.02
187.82
6973.99
7863.80
8540.09
529.75
400.00
5939.74
6753.20
6685.67
5094.11
3628.38
3388.59
9248.41
6116.97
1482.92
5156.57
6319.77
5822.00
8714.25
4188.94
7235.34
1283.55
9174.57
5648.95
3553.69
3665.46
2634.68
7713.34
7246.68
4266.76
8535.03
9290.03
9431.33
3585.05
4790.01
9403.85
6480.32
649.91
6991.50
845.82
2339.59
3834.97
9558.22
5766.35
5000.44
7884.21
4160.16
3055.62
9985.71
5735.68
2315.91
3621.37
9372.08
1561.51
1572.33
5843.45
286.55
7870.90
3721.92
9266.60
7714.77
9170.67
3631.05
6171.06
1890.46
7088.81
5167.46
6409.97
4230.86
3666.93
612.93
9206.11
3570.50
1777.82
5564.08
2565.29
3368.67
6555.96
2983.40
7281.15
2376.02
6676.25
9409.32
1773.66
71.46
9284.50
2597.65
2618.23
6519.56
4365.94
3178.37
2681.75
1117.99
4811.47
588.67
2793.30
1824.02
3316.57
185.37
3303.89
9696.82
6593.38
5069.35
2660.39
6369.23
5048.50
7029.68
9175.49
1921.23
8595.72
7084.31
9269.59
1058.34
618.70
3092.84
7681.82
293.63
6475.20
1635.01
3844.85
8510.37
2241.06
4718.80
8883.16
1625.93
2485.47
4105.07
3493.03
238.03
7916.88
907.38
3619.21
6575.83
2888.41
8046.49
6203.80
6892.70
4911.56
6835.90
8823.03
1817.02
4537.54
595.44
713.23
9739.37
7690.51
4138.76
7711.65
4960.54
4160.45
2196.14
1182.48
3137.44
8288.98
9388.15
57.84
9905.73
4908.15
5374.15
5992.04
6174.11
1250.34
5044.14
6863.02
9447.88
9709.09
3938.78
2994.68
8640.27
819.19
3134.97
1834.62
3261.46
3785.63
3576.48
6571.78
4789.56
2671.37
4916.20
4225.04
6742.09
584.22
7323.02
9787.96
4066.63
7485.47
4782.38
1407.54
9006.98
1354.09
4824.45
7807.00
7044.71
989.60
1172.33
5861.82
347.72
7501.80
7440.42
7404.87
4956.93
9107.55
5955.59
9324.41
865.29
5154.21
768.05
7432.36
1538.87
8410.12
7272.67
6476.60
9436.18
2162.82
7658.69
3569.93
2380.51
5222.36
9226.72
669.62
6064.22
6309.23
9107.59
317.69
6566.50
4220.59
272.36
7831.78
6073.96
6753.04
8263.58
6180.57
4969.09
3293.69
746.83
147.86
7319.47
9574.69
3513.70
5649.68
2803.26
119.65
6866.89
4410.47
4325.66
6076.99
9408.54
7427.83
2182.41
6136.63
9983.27
9585.18
2524.21
5651.13
713.76
3861.11
3804.98
6822.57
2330.66
2529.54
3519.98
9660.81
8960.28
6854.13
6318.29
6301.84
8521.47
4168.73
8172.32
1309.27
4632.02
9562.30
3089.71
207.54
5360.29
4104.09
9626.10
3851.18
7254.67
5719.40
8569.08
6428.08
6646.88
4473.71
7659.44
8352.33
2429.48
6584.01
5965.40
5827.57
2653.51
2138.10
7877.72
4544.37
93.10
5644.34
4829.41
8662.51
5175.50
6756.66
5832.26
5565.51
4869.57
234.43
9536.05
8407.61
2419.56
1974.65
6515.35
1300.37
766.93
3358.48
4943.84
2905.25
6620.39
3570.54
6111.23
107.29
1208.16
9936.38
2852.54
809.88
2866.43
2779.58
5358.24
7034.74
4376.40
3561.93
9339.11
1167.47
280.01
4391.77
5880.28
8512.62
3455.39
5704.03
2856.24
9822.06
1017.01
8430.55
8462.49
4954.17
96.61
2579.26
4478.45
6027.46
8605.50
605.45
4528.85
4381.41
63.37
7151.44
5243.49
7283.69
8974.44
7144.04
8825.27
5363.49
7986.13
7686.04
1534.50
9227.40
8163.78
7220.08
8257.84
8362.52
9592.52
445.01
5674.99
2441.15
6115.60
4392.90
2969.98
1837.66
8496.57
5523.43
7382.98
2675.87
7701.60
3685.96
9471.56
6867.11
9592.69
5987.39
491.90
2145.37
4008.12
1627.16
8774.18
1138.78
8443.16
4613.95
5099.04
7331.76
8437.01
1024.94
7417.60
1732.71
7842.90
7791.70
9873.68
9550.11
260.61
9570.46
7299.73
9841.09
7196.60
1164.82
688.32
2560.21
796.35
2010.65
5401.03
5731.90
6339.95
4408.07
7694.52
9335.57
2557.91
7966.36
9452.34
3386.84
5869.73
3621.24
2817.73
5943.47
2865.10
1183.71
3397.07
7188.74
9963.04
7406.49
6810.17
4399.99
9647.42
6967.71
3760.91
1472.95
5977.49
7783.37
8432.56
9449.16
1100.26
2891.85
451.31
1065.81
5597.47
7026.88
2065.09
6096.52
9244.07
5009.35
6454.42
1185.37
6649.66
8951.98
362.52
4408.91
5972.36
5798.44
6827.45
2337.55
8443.38
3498.50
9279.24
3923.81
3604.90
7635.10
3070.07
8708.98
6297.51
9000.53
8593.67
133.02
7774.74
8230.89
3448.75
1628.97
6791.00
9275.46
9185.91
2502.04
9611.05
6589.33
7820.92
1585.06
8917.51
9075.03
9949.36
9571.24
3416.77
9757.04
6313.90
7695.31
5544.57
7892.97
7341.56
2986.25
659.67
1574.89
9624.86
4022.94
3604.12
232.16
498.44
5802.62
9595.75
6855.95
5080.81
2799.75
5366.74
7891.98
837.85
9053.94
3330.47
1164.86
9627.82
5586.04
7056.15
4117.77
8422.78
2711.91
3424.59
7979.29
9341.32
8110.20
1828.83
